45.505476, -122.675212, 55.215;
45.505537, -122.676875, 60.134;
45.505604, -122.678313, 61.323;
45.505664, -122.679418, 48.545;
45.505837, -122.680555, 48.174;
45.506206, -122.681553, 49.255;
45.506529, -122.682272, 51.858;
45.507070, -122.683066, 58.444;
45.507627, -122.683817, 58;
45.508048, -122.684525, 58;
45.508522, -122.685158, 60;
45.509040, -122.686016, 72;
45.509567, -122.686735, 76;
45.510070, -122.687421, 80;
45.510800, -122.688140, 89;
45.511409, -122.688634, 94;
45.512168, -122.689095, 100;
45.512792, -122.689256, 108;
45.513724, -122.689299, 96;
45.514536, -122.689020, 90;
45.515341, -122.688612, 83;
45.516168, -122.688194, 75;
45.517017, -122.687679, 60;
45.517716, -122.687314, 65;
45.518378, -122.686917, 65;
45.519122, -122.686531, 66;
45.519866, -122.686123, 64;
45.520550, -122.685801, 63;
45.521272, -122.685555, 55;
45.521949, -122.685501, 54;
45.522663, -122.685791, 53;
45.523753, -122.686295, 42;
45.524497, -122.686595, 38;
45.525421, -122.686703, 20;
45.526541, -122.686670, 5;
45.527533, -122.686681, 5;
45.528488, -122.686778, 6;
45.529480, -122.686788, 15;
45.530382, -122.686821, 18;
45.531299, -122.686864, 30;
45.532238, -122.686917, 42;
45.533088, -122.686874, 48;
45.533982, -122.686939, 45;
45.534846, -122.686509, 43;
45.535523, -122.685812, 50;
45.536312, -122.684836, 48;
45.537131, -122.683817, 53;
45.537860, -122.682969, 59;
45.538566, -122.682100, 65;
45.539430, -122.680941, 62;
45.540099, -122.680201, 62;
45.540903, -122.679214, 65;
