45.505476, -122.675212;
45.505537, -122.676875;
45.505604, -122.678313;
45.505664, -122.679418;
45.505837, -122.680555;
45.506206, -122.681553;
45.506529, -122.682272;
45.507070, -122.683066;
45.507627, -122.683817;
45.508048, -122.684525;
45.508522, -122.685158;
45.509040, -122.686016;
45.509567, -122.686735;
45.510070, -122.687421;
45.510800, -122.688140;
45.511409, -122.688634;
45.512168, -122.689095;
45.512792, -122.689256;
45.513724, -122.689299;
45.514536, -122.689020;
45.515341, -122.688612;
45.516168, -122.688194;
45.517017, -122.687679;
45.517716, -122.687314;
45.518378, -122.686917;
45.519122, -122.686531;
45.519866, -122.686123;
45.520550, -122.685801;
45.521272, -122.685555;
45.521949, -122.685501;
45.522663, -122.685791;
45.523753, -122.686295;
45.524497, -122.686595;
45.525421, -122.686703;
45.526541, -122.686670;
45.527533, -122.686681;
45.528488, -122.686778;
45.529480, -122.686788;
45.530382, -122.686821;
45.531299, -122.686864;
45.532238, -122.686917;
45.533088, -122.686874;
45.533982, -122.686939;
45.534846, -122.686509;
45.535523, -122.685812;
45.536312, -122.684836;
45.537131, -122.683817;
45.537860, -122.682969;
45.538566, -122.682100;
45.539430, -122.680941;
45.540099, -122.680201;
45.540903, -122.679214;
